-0.9998399 0.0089394 -0.0154996 -0.0333743
0.0088347 0.9999378 0.0068102 0.0106155
0.0155595 0.0066722 -0.9998567 -0.0218446
-0.8699289 0.0040979 -0.4931602 -0.4693711
-0.0350752 0.9969192 0.0701561 0.1162815
0.4919283 0.0783286 -0.8671051 -0.9099069
-0.8213698 0.0090968 -0.5703235 -0.8857064
0.0098890 0.9999496 0.0017076 -0.1034448
0.5703103 -0.0042374 -0.8214184 1.2152265
-0.8146699 0.0110298 -0.5798201 -0.7718407
-0.0269462 0.9980193 0.0568456 0.1219035
0.5792986 0.0619343 -0.8127590 -0.9879007
-0.9846406 0.0225744 0.1731279 -0.4745870
0.0010200 0.9923327 -0.1235909 0.0181964
-0.1745905 -0.1215161 -0.9771141 1.1105232
-0.9849173 0.1710087 0.0263412 0.0025290
0.1632656 0.9689353 -0.1857650 0.1156058
-0.0572904 -0.1786626 -0.9822411 0.7546257
-0.9358148 -0.0350565 -0.3507446 -0.1088302
-0.0680668 0.9942863 0.0822299 0.1625096
0.3458578 0.1008260 -0.9328540 -1.0964420
-0.9518593 0.0112258 -0.3063295 -0.6402227
0.0403897 0.9952095 -0.0890325 0.0052337
0.3038626 -0.0971189 -0.9477528 1.2682901
-0.9552368 0.0116916 -0.2956112 0.1114080
0.0034569 0.9995917 0.0283638 0.0331964
0.2958221 0.0260722 -0.9548872 -0.4036206
-0.8369770 0.0153251 -0.5470235 -0.7088695
0.0489909 0.9976924 -0.0470081 -0.1141325
0.5450408 -0.0661439 -0.8357963 2.1310868
-0.8462158 0.0152372 -0.5326224 -0.6427595
-0.0714826 0.9873089 0.1418145 -0.3159909
0.5280237 0.1580789 -0.8343872 1.3487485
-0.8993856 0.0200818 -0.4366946 -1.0519405
0.0393459 0.9986085 -0.0351122 -0.1366950
0.4353819 -0.0487615 -0.8989243 1.8888812
-0.7726655 -0.0055567 -0.6347891 -0.1810787
-0.0836622 0.9921310 0.0931490 -0.5287020
0.6292763 0.1250808 -0.7670503 2.0740037
-0.8139183 -0.0086817 -0.5809145 -0.5795622
0.0028919 0.9998154 -0.0189940 -0.0689650
0.5809722 -0.0171395 -0.8137429 1.3647597
-0.9992150 -0.0109497 -0.0380722 -0.8375746
-0.0067534 0.9940572 -0.1086497 -0.0039273
0.0390356 -0.1083073 -0.9933508 0.1700633
-0.9255954 0.0134377 0.3782759 -0.9713664
-0.0042520 0.9989374 -0.0458901 -0.0725823
-0.3784906 -0.0440841 -0.9245547 0.5631990
-0.9914461 0.0408368 -0.1239636 -0.5370956
0.0563982 0.9905850 -0.1247419 0.0418720
0.1177024 -0.1306662 -0.9844148 1.0247821
-0.5889133 -0.0136464 -0.8080810 -0.6168714
0.0336106 0.9985789 -0.0413581 -0.0595304
0.8074970 -0.0515164 -0.5876177 1.2883228
-0.7893665 -0.0114774 -0.6138149 -0.4674179
0.0051855 0.9996649 -0.0253608 -0.2240740
0.6139003 -0.0232019 -0.7890425 2.1007287
-0.9587839 0.0248148 0.2830508 -0.5982318
0.0225081 0.9996817 -0.0113992 0.0119558
-0.2832436 -0.0045584 -0.9590372 -0.0708876
-0.7885099 -0.0060782 -0.6149921 -0.4792978
-0.0411860 0.9982283 0.0429405 -0.3897700
0.6136415 0.0591881 -0.7873632 2.0686401
