0.9998289 -0.0141688 -0.0118918 0.0000971
0.0141201 0.9998916 -0.0041743 0.0000343
0.0119497 0.0040057 0.9999206 -0.0000466
0.9929067 -0.0169929 -0.1176757 0.0013949
0.0197455 0.9995571 0.0222646 0.0000475
0.1172452 -0.0244302 0.9928025 -0.0000256
0.9472510 -0.0007047 -0.3204919 0.0026233
0.0101751 0.9995596 0.0278758 0.0000477
0.3203311 -0.0296665 0.9468410 0.0001656
0.8923390 0.0495309 -0.4486400 0.0038827
-0.0118260 0.9961852 0.0864594 -0.0000194
0.4512109 -0.0718455 0.8895206 0.0004693
0.8412472 0.0658813 -0.5366216 0.0053835
-0.0113331 0.9944786 0.1043261 0.0000920
0.5405318 -0.0816825 0.8373490 0.0007656
0.8463051 0.0548485 -0.5298672 0.0062617
-0.0026403 0.9951048 0.0987897 0.0000486
0.5326919 -0.0822072 0.8423071 0.0007226
0.9031364 0.0423327 -0.4272617 0.0049389
-0.0338761 0.9990510 0.0273785 -0.0002751
0.4280152 -0.0102526 0.9037134 -0.0002259
0.9378953 0.0565683 -0.3422753 0.0038559
-0.0595575 0.9982233 0.0017797 -0.0004343
0.3417679 0.0187159 0.9395980 -0.0007295
0.9738779 0.0430001 -0.2229637 0.0029022
-0.0465450 0.9988593 -0.0106658 -0.0005373
0.2222507 0.0207651 0.9747684 -0.0009364
0.9828035 0.0577040 -0.1754065 0.0016462
-0.0680756 0.9962343 -0.0536935 -0.0006199
0.1716477 0.0647110 0.9830308 -0.0010005
0.9763112 0.0881736 -0.1975903 0.0007418
-0.0997602 0.9937818 -0.0494542 -0.0006452
0.1920011 0.0679943 0.9790364 -0.0009911
0.9791262 0.0604010 -0.1940713 -0.0000185
-0.0695704 0.9967432 -0.0407784 -0.0006168
0.1909762 0.0534288 0.9801395 -0.0008901
0.9856913 0.0412941 -0.1634241 -0.0008235
-0.0492187 0.9977854 -0.0447411 -0.0006421
0.1612147 0.0521445 0.9855409 -0.0007558
0.9821542 0.0326610 -0.1852198 -0.0003382
-0.0518496 0.9936636 -0.0997207 0.0002039
0.1807892 0.1075447 0.9776244 -0.0004105
0.9789867 0.0379096 -0.2003696 -0.0000134
-0.0641264 0.9899532 -0.1260176 0.0007599
0.1935793 0.1362185 0.9715820 -0.0002444
0.9697580 0.0491556 -0.2390672 0.0010405
-0.0968442 0.9765973 -0.1920389 0.0008066
0.2240326 0.2093836 0.9518235 -0.0000269
0.9741510 0.0411027 -0.2221269 0.0022503
-0.0983164 0.9624362 -0.2530818 0.0007889
0.2033807 0.2683786 0.9415993 0.0000683
0.9467006 0.0591886 -0.3166302 0.0033147
-0.1372684 0.9633812 -0.2303345 0.0006501
0.2914024 0.2615211 0.9201583 0.0002446
0.8519816 0.1179859 -0.5101045 0.0049546
-0.1720500 0.9832634 -0.0599332 0.0001555
0.4944958 0.1388254 0.8580218 0.0010743
0.8124562 0.1106054 -0.5724346 0.0061335
-0.1536621 0.9877479 -0.0272406 0.0000531
0.5624081 0.1100933 0.8194977 0.0015663
0.7998911 0.0949808 -0.5925816 0.0061734
-0.1443894 0.9888510 -0.0364067 -0.0008529
0.5825169 0.1146839 0.8046873 0.0012854
0.8126803 0.0702931 -0.5784544 0.0059892
-0.1046290 0.9941665 -0.0261850 -0.0013891
0.5732394 0.0818031 0.8152943 0.0008415
0.8805987 0.0476662 -0.4714593 0.0049301
-0.0920383 0.9931854 -0.0714960 -0.0012762
0.4648385 0.1063516 0.8789849 -0.0001949
0.9267121 0.0167410 -0.3753990 0.0038560
-0.0539288 0.9945907 -0.0887749 -0.0011293
0.3718822 0.1025136 0.9226021 -0.0007868
0.9391304 -0.0007262 -0.3435602 0.0028741
-0.0307419 0.9958087 -0.0861388 -0.0011881
0.3421829 0.0914572 0.9351719 -0.0010477
0.9660839 -0.0146881 -0.2578104 0.0018006
-0.0096323 0.9956364 -0.0928189 -0.0012578
0.2580487 0.0921542 0.9617268 -0.0012285
0.9701907 0.0502385 -0.2370782 0.0008413
-0.0977021 0.9763358 -0.1929320 -0.0011379
0.2217753 0.2103439 0.9521403 -0.0015426
0.9656447 0.0993040 -0.2401436 -0.0000271
-0.1591128 0.9565692 -0.2442509 -0.0010262
0.2054589 0.2740695 0.9395065 -0.0016753
0.9783647 0.1046390 -0.1784747 -0.0002228
-0.1644664 0.9167222 -0.3641033 -0.0003964
0.1255124 0.3855789 0.9140982 -0.0011987
0.9863843 0.1269132 -0.1045902 -0.0006329
-0.1533669 0.9394584 -0.3064255 -0.0001351
0.0593687 0.3182939 0.9461312 -0.0003465
0.9872924 0.1100846 -0.1146088 -0.0002253
-0.1368637 0.9555351 -0.2611913 0.0002793
0.0807596 0.2735580 0.9584591 0.0001406
0.9824836 0.1124113 -0.1486258 0.0000550
-0.1426110 0.9669422 -0.2113879 0.0007137
0.1199502 0.2288808 0.9660360 0.0004019
0.9828840 0.1130093 -0.1454921 0.0002007
-0.1405877 0.9704861 -0.1959384 0.0010594
0.1190552 0.2130391 0.9697630 0.0006851
0.9787361 0.0728245 -0.1917610 0.0008746
-0.1027917 0.9831317 -0.1512811 0.0011800
0.1775094 0.1677757 0.9697122 0.0007411
0.9665010 0.0087109 -0.2565150 0.0019042
-0.0205014 0.9988506 -0.0433259 0.0010314
0.2558428 0.0471334 0.9655687 0.0005207
0.9393781 0.0163570 -0.3424927 0.0029131
-0.0210720 0.9997274 -0.0100501 0.0008584
0.3422349 0.0166579 0.9394667 0.0005335
0.8464781 0.0747893 -0.5271446 0.0039296
-0.0643215 0.9971981 0.0381926 0.0002523
0.5285240 0.0015776 0.8489169 0.0006310
0.8271041 0.0737742 -0.5571860 0.0048183
-0.0476121 0.9969814 0.0613284 -0.0000199
0.5600285 -0.0241961 0.8281199 0.0007408
0.8222229 0.0391930 -0.5678145 0.0050635
-0.0285279 0.9992102 0.0276600 -0.0007976
0.5684502 -0.0065441 0.8226917 0.0004957
0.8197526 0.0421617 -0.5711638 0.0046963
-0.0266574 0.9990146 0.0354850 -0.0013888
0.5720971 -0.0138632 0.8200687 0.0009778
0.8514375 0.0493768 -0.5221265 0.0038005
-0.0465483 0.9987439 0.0185431 -0.0016063
0.5223863 0.0085158 0.8526664 0.0009419
0.8833846 0.0550695 -0.4654019 0.0030703
-0.0606799 0.9981530 0.0029311 -0.0016346
0.4647037 0.0256513 0.8850946 0.0007933
0.9004614 0.0536520 -0.4316141 0.0024947
-0.0647626 0.9978392 -0.0110751 -0.0016707
0.4300873 0.0379251 0.9019904 0.0006869
0.9292375 0.0406871 -0.3672360 0.0018499
-0.0513205 0.9984970 -0.0192327 -0.0017054
0.3659015 0.0367184 0.9299289 0.0005838
0.9554808 0.0423735 -0.2919948 0.0012994
-0.0439306 0.9990338 0.0012250 -0.0017098
0.2917646 0.0116570 0.9564191 0.0005161
0.9886535 0.0174329 -0.1491989 0.0005915
-0.0150732 0.9997430 0.0169323 -0.0016638
0.1494558 -0.0144913 0.9886622 0.0006604
0.9962531 -0.0010142 -0.0864792 -0.0000668
0.0057336 0.9985059 0.0543421 -0.0016520
0.0862948 -0.0546343 0.9947705 0.0009062
0.9998641 -0.0102604 -0.0129070 -0.0006867
0.0112887 0.9965439 0.0822967 -0.0016145
0.0120180 -0.0824312 0.9965243 0.0011417
0.9998805 -0.0062305 -0.0141465 -0.0016606
0.0072141 0.9974801 0.0705787 -0.0016469
0.0136711 -0.0706723 0.9974059 0.0010402
0.9967172 -0.0754587 0.0293413 -0.0013938
0.0722394 0.9925082 0.0985337 -0.0009820
-0.0365567 -0.0960906 0.9947011 0.0013682
0.9923411 -0.1131705 0.0495126 -0.0011622
0.1073547 0.9883889 0.1075284 -0.0004141
-0.0611068 -0.1013894 0.9929684 0.0013813
0.9851223 -0.1406699 0.0987225 -0.0009377
0.1486497 0.9857507 -0.0787329 -0.0001725
-0.0862404 0.0922366 0.9919955 0.0012817
0.9811977 -0.1546472 0.1154788 -0.0007382
0.1700492 0.9756906 -0.1382429 0.0002085
-0.0912927 0.1552807 0.9836430 0.0012378
0.9898103 -0.1352799 0.0444389 -0.0005317
0.1414582 0.9698879 -0.1982600 0.0005768
-0.0162802 0.2025261 0.9791415 0.0010732
