0.0059593 0.9952311 -0.0973630 -0.1122240
-0.8055458 -0.0529122 -0.5901663 -1.5354712
-0.5925036 0.0819474 0.8013889 2.5878167
0.1157861 0.9654089 -0.2336218 -0.1680634
-0.8089014 -0.0448482 -0.5862313 -1.5337947
-0.5764305 0.2568544 0.7757278 2.5776945
0.2216783 0.9041058 -0.3653100 -0.2221846
-0.8124481 -0.0359263 -0.5819256 -1.5296571
-0.5392466 0.4257957 0.7265749 2.5540756
0.3185968 0.8165700 -0.4813622 -0.2696638
-0.8131426 -0.0255330 -0.5815042 -1.5302280
-0.4871295 0.5766815 0.6558531 2.5269853
0.4037206 0.7074770 -0.5800741 -0.3099495
-0.8133822 -0.0127025 -0.5815910 -1.5288511
-0.4188307 0.7066222 0.5703209 2.4901948
0.4728767 0.5831590 -0.6605401 -0.3429137
-0.8139509 0.0020075 -0.5809302 -1.5260352
-0.3374487 0.8123556 0.4756120 2.4479859
0.5309095 0.4354905 -0.7269684 -0.3701853
-0.8109982 0.0122816 -0.5849197 -1.5278873
-0.2457987 0.9001095 0.3597024 2.4013847
0.5719196 0.2642464 -0.7765834 -0.3899015
-0.8084631 0.0212626 -0.5881627 -1.5265875
-0.1389077 0.9642208 0.2257940 2.3422434
0.5930354 0.0910387 -0.8000131 -0.3996465
-0.8045622 0.0282016 -0.5931984 -1.5300569
-0.0314423 0.9954480 0.0899709 2.2896190
0.5954311 -0.0806932 -0.7993437 -0.3995498
-0.7997613 0.0351355 -0.5992891 -1.5335969
0.0764439 0.9961195 -0.0436146 2.2374318
0.5686173 -0.2836267 -0.7721595 -0.3894907
-0.7976726 0.0392268 -0.6018137 -1.5364183
0.2009798 0.9581321 -0.2039362 2.1754912
0.5329073 -0.4425183 -0.7212401 -0.3689629
-0.7906892 0.0431485 -0.6106954 -1.5399727
0.3013643 0.8957208 -0.3269003 2.1254926
0.4939842 -0.5613513 -0.6639761 -0.3450167
-0.7817752 0.0474632 -0.6217514 -1.5404376
0.3805354 0.8262154 -0.4154045 2.0826094
0.4197299 -0.7074511 -0.5686297 -0.3064783
-0.7725301 0.0504248 -0.6329728 -1.5404823
0.4764703 0.7049612 -0.5253625 2.0302385
0.3512452 -0.8050790 -0.4779902 -0.2693613
-0.7654414 0.0470851 -0.6417807 -1.5440974
0.5391903 0.5912959 -0.5997024 2.0000153
0.2580911 -0.8978656 -0.3566880 -0.2204834
-0.7565737 0.0417659 -0.6525732 -1.5467784
0.6008204 0.4382841 -0.6685221 1.9692268
0.1556665 -0.9608793 -0.2290827 -0.1692980
-0.7502557 0.0358474 -0.6601752 -1.5509604
0.6425607 0.2746378 -0.7153249 1.9520309
0.0496270 -0.9940257 -0.0972114 -0.1157173
-0.7449370 0.0279943 -0.6665473 -1.5533952
0.6652865 0.1054950 -0.7390972 1.9418968
-0.0605337 -0.9974927 0.0366596 -0.0614505
-0.7411883 0.0203196 -0.6709896 -1.5564624
0.6685623 -0.0677891 -0.7405600 1.9431896
-0.1697642 -0.9708758 0.1690569 -0.0072779
-0.7378326 0.0114984 -0.6748858 -1.5580945
0.6532865 -0.2393071 -0.7182958 1.9520444
-0.2746095 -0.9152621 0.2947625 0.0440997
-0.7360842 0.0028579 -0.6768840 -1.5595627
0.6186838 -0.4028488 -0.6744948 1.9706475
-0.3721689 -0.8317573 0.4119104 0.0918544
-0.7352683 -0.0066433 -0.6777436 -1.5613820
0.5664546 -0.5550998 -0.6090923 1.9995616
-0.4597695 -0.7225754 0.5162333 0.1346243
-0.7350002 -0.0166141 -0.6778634 -1.5622154
0.4983842 -0.6910925 -0.5234543 2.0355513
-0.5334821 -0.5920112 0.6040857 0.1705971
-0.7364898 -0.0260562 -0.6759466 -1.5629122
0.4159082 -0.8055084 -0.4221097 2.0791620
-0.5934248 -0.4404399 0.6736911 0.1989446
-0.7388035 -0.0340780 -0.6730587 -1.5632199
0.3194000 -0.8971351 -0.3051758 2.1291499
-0.6343933 -0.2780493 0.7212724 0.2185998
-0.7417543 -0.0436823 -0.6692476 -1.5619170
0.2175907 -0.9595731 -0.1785325 2.1810975
-0.6569694 -0.1070709 0.7462754 0.2291184
-0.7457979 -0.0525848 -0.6640936 -1.5590596
0.1103479 -0.9928598 -0.0453066 2.2341777
-0.6625304 0.0741950 0.7453513 0.2286448
-0.7490186 -0.0590388 -0.6599133 -1.5568927
-0.0049576 -0.9954946 0.0946884 2.2905008
-0.6438280 0.2308968 0.7295013 0.2231962
-0.7581274 -0.0634372 -0.6490135 -1.5529760
-0.1035776 -0.9709080 0.2158919 2.3408729
-0.6103801 0.3931885 0.6876328 0.2067428
-0.7649733 -0.0673289 -0.6405331 -1.5493535
-0.2055527 -0.9169894 0.3418749 2.3922424
-0.5578560 0.5580009 0.6143547 0.1762624
-0.7693389 -0.0700174 -0.6349923 -1.5462194
-0.3113107 -0.8268812 0.4683514 2.4425742
-0.4919371 0.6898927 0.5310799 0.1427498
-0.7755942 -0.0701335 -0.6273237 -1.5422861
-0.3955395 -0.7205063 0.5695780 2.4827174
-0.4056576 0.8136734 0.4163862 0.0953610
-0.7806604 -0.0714856 -0.6208536 -1.5399271
-0.4754064 -0.5769102 0.6642013 2.5219097
-0.3170231 0.8945004 0.3152229 0.0551993
-0.7871842 -0.0627859 -0.6135137 -1.5376967
-0.5289966 -0.4426365 0.7240411 2.5477093
-0.2148404 0.9593129 0.1832001 0.0013198
-0.7919147 -0.0613284 -0.6075442 -1.5360852
-0.5715896 -0.2756039 0.7728698 2.5693134
-0.1058366 0.9933980 0.0442604 -0.0556609
-0.7971631 -0.0581543 -0.6009569 -1.5323947
-0.5944154 -0.0988860 0.7980551 2.5782908
